0 0.38822115384615385 0.45913461538461536 0.0889423076923077 0.6826923076923077
0 0.47596153846153844 0.5192307692307693 0.0625 0.4567307692307692
0 0.43509615384615385 0.5625 0.04807692307692308 0.3317307692307692
0 0.8653846153846154 0.4831730769230769 0.07692307692307693 0.5432692307692307
0 0.7824519230769231 0.5360576923076923 0.06009615384615385 0.38461538461538464
0 0.6622596153846154 0.5661057692307693 0.040865384615384616 0.3004807692307692
0 0.5144230769230769 0.5805288461538461 0.03365384615384615 0.24278846153846154
0 0.3870192307692308 0.5865384615384616 0.028846153846153848 0.20192307692307693
0 0.27524038461538464 0.59375 0.02403846153846154 0.18269230769230768
0 0.25841346153846156 0.5913461538461539 0.036057692307692304 0.23076923076923078
0 0.17067307692307693 0.5949519230769231 0.028846153846153848 0.21153846153846154